# Simple Voice Chat volume config

b7b254a0-4ca6-41e1-9867-e2675b9ce95b=2.4347826086956523
a1083e8e-514e-413f-a364-fa25eb4e1b6c=2.8115942028985517
f7238220-448d-47ec-a210-cbe811c20556=2.3043478260869565
d2c0361a-f2fd-4b06-b683-e7c62ef76189=2.5797101449275353
